3
11
12
13
14
20
24
34
35
36
53
56
67
68
70
75
80
86
87
88
94
95
97
99
101
106
117
132
136
138
141
148
151
157
169
178
181
189
190
195
197
202
203
204
205
206
207
208
210
212
213
214
215
217
218
225
227
228
230
233
238
241
243
244
246
249
251
252
253
254
255
256
257
258
259
262
263
265
267
268
273
276
278
283
285
286
287
291
292
293
296
297
298
301
306
307
308
313
319
324
329
333
334
337
338
339
341
342
346
350
351
358
359
360
362
363
365
366
382
384
390
394
395
397
399
400
401
403
404
406
411
412
413
416
426
430
433
436
437
438
442
447
450
451
454
456
457
458
462
464
470
475
482
488
489
491
492
493
494
495
496
498
501
503
504
509
510
513
514
515
516
517
518
519
520
521
523
526
527
546
548
549
550
555
563
564
568
570
572
573
576
586
612
613
617
619
624
633
637
644
646
647
648
649
651
652
653
656
657
658
659
662
663
665
667
668
671
672
675
679
681
682
684
687
688
691
695
706
708
709
711
715
716
719
720
722
726
733
735
736
737
739
752
754
757
760
762
763
764
766
771
775
777
